114090273
114110338
114110346
115020070
114110348
115010020
114110349
114110358
114120375
114120381
114120383
114120394
114120395
114120396
115010001
115010004
115010031
115020067
115020069
115030076
114060161
114060177
114070200
114070202
114070232
114080237
114080245
114080254
114090274
114090277
114090289
114090298
114100307
114100308
114100319
114100320
114100327
114110341
114110364
114120370
114060176
114060178
114060185
114060186
114060192
114070221
114080250
114080253
114080257
114080258
114080259
114080268
114090281
114100311
114100316
114100324
114100325
114100328
114110347
114120402
114050134
114050139
114050151
114050153
114050157
114060159
114060160
114060167
114060170
114060175
114070203
114080234
114080235
114080243
114080244
114080248
114090284
114100303
114100313
114030083
114040096
114040100
114040115
114040118
114050124
114050128
114050142
114050155
114060180
114060183
114060187
114060197
114070213
114070215
114070230
114080236
114080239
114080246
114110332
114010031
114010036
114010039
114020052
114020055
114030068
114030080
114040087
114040088
114040089
114040091
114040099
114040108
114050125
114050148
114060182
114060189
114070216
114070219
114080247
113110292
114010016
114010028
114010029
114020051
114020053
114020057
114020062
114020064
114030067
114030070
114030072
114030075
114030082
114040117
114040120
114050138
114050158
114060188
114070212
113110284
113120322
114010007
114010009
114010010
114010021
114010023
114010030
114020066
114030084
114030085
114040095
114040097
114040109
114050122
114050129
114050140
114050144
114050147
114050152
113100266
113110287
113120302
113120304
113120308
113120309
113120310
114010001
114010011
114010015
114010022
114010025
114010026
114010042
114020049
114020061
114030069
114030073
114030076
114040094
113100253
113100255
113100261
113100263
113100265
113110273
113110276
113110282
113110288
113110289
113110293
113110294
113110295
113120316
113120324
114010002
114010008
114010018
114010038
114010041
113060161
113070181
113080217
113090224
113090225
113090227
113090230
113090231
113090232
113090235
113090237
113090239
113090243
113090246
113100258
113100267
113100268
113110277
113110283
113120318
113060156
113060159
113060167
113070169
113070175
113070180
113070188
113070192
113070193
113080195
113080196
113080201
113080205
113080213
113080215
113090218
113090222
113090228
113090229
113100259
113040109
113050130
113050133
113050135
113050137
113050145
113060147
113060148
113060149
113060152
113060158
113060160
113070173
113070174
113070178
113070179
113070186
113090233
113110272
113120312
113040097
113040104
113040106
113040108
113040110
113040113
113040118
113050120
113050121
113050122
113050126
113050129
113050132
113050134
113050143
113050146
113060164
113060168
113070170
113070182
113010017
113020034
113020038
113020055
113020056
113020061
113030063
113030067
113030071
113030072
113030078
113040090
113040091
113040092
113040093
113040094
113040099
113040105
113040112
113050136
112120260
113010001
113010006
113010012
113010018
113010019
113010031
113020033
113020036
113020037
113020039
113020043
113020047
113020050
113020053
113020057
113020058
113030074
113040095
113040114
113010007
113020059
113030064
113030073
114070228
